latitude=26.463813486127375
longitude=80.2505442
